609 0 0.290895 0.909722 0.146605 0.179527
197 0 0.781636 0.615226 0.115741 0.154321
198 0 0.647377 0.626543 0.127315 0.169753
199 0 0.511574 0.609053 0.138889 0.185185
200 0 0.375772 0.615226 0.138889 0.185185
201 0 0.244599 0.592593 0.138889 0.185185
202 0 0.102623 0.580247 0.138889 0.185185
228 0 0.894290 0.316872 0.083333 0.111111
229 0 0.807870 0.309671 0.083333 0.111111
230 0 0.709877 0.310700 0.083333 0.111111
231 0 0.623457 0.305556 0.083333 0.111111
232 0 0.525463 0.282922 0.083333 0.111111
233 0 0.435185 0.286008 0.083333 0.111111
234 0 0.357253 0.278807 0.083333 0.111111
235 0 0.273148 0.271605 0.083333 0.111111
236 0 0.182099 0.270576 0.083333 0.111111
237 0 0.098765 0.250000 0.071759 0.095679
264 0 0.902006 0.199588 0.065586 0.087449
265 0 0.822531 0.200617 0.065586 0.087449
266 0 0.747685 0.197531 0.065586 0.087449
267 0 0.672840 0.195473 0.065586 0.087449
268 0 0.603395 0.192387 0.065586 0.087449
269 0 0.536265 0.179012 0.065586 0.087449
270 0 0.459105 0.176955 0.065586 0.087449
271 0 0.385802 0.171811 0.065586 0.087449
272 0 0.314815 0.167695 0.065586 0.087449
273 0 0.244599 0.156379 0.065586 0.087449
274 0 0.180556 0.154321 0.065586 0.087449
275 0 0.110340 0.161523 0.057870 0.077160
276 0 0.039352 0.149177 0.057870 0.077160
297 0 0.938272 0.097737 0.054012 0.072016
298 0 0.877315 0.094650 0.054012 0.072016
299 0 0.823302 0.088477 0.054012 0.072016
300 0 0.766975 0.086420 0.054012 0.072016
301 0 0.711420 0.084362 0.054012 0.072016
302 0 0.652778 0.086420 0.054012 0.072016
303 0 0.592593 0.084362 0.054012 0.072016
304 0 0.539352 0.077160 0.054012 0.072016
305 0 0.485340 0.070988 0.054012 0.072016
306 0 0.429784 0.073045 0.054012 0.072016
307 0 0.376543 0.072016 0.054012 0.072016
308 0 0.320988 0.069959 0.054012 0.072016
309 0 0.264660 0.063786 0.054012 0.072016
310 0 0.212963 0.065844 0.054012 0.072016
311 0 0.160494 0.056584 0.050154 0.066872
312 0 0.102623 0.057613 0.050154 0.066872
