610 0 0.707562 0.901235 0.146605 0.195473
201 0 0.868056 0.614198 0.131173 0.174897
202 0 0.709877 0.614198 0.127315 0.169753
203 0 0.577932 0.618313 0.127315 0.169753
204 0 0.192130 0.596708 0.123457 0.164609
205 0 0.058642 0.596708 0.115741 0.154321
232 0 0.912037 0.283951 0.083333 0.111111
233 0 0.824074 0.274691 0.083333 0.111111
234 0 0.734568 0.281893 0.083333 0.111111
235 0 0.641204 0.278807 0.083333 0.111111
236 0 0.559414 0.276749 0.083333 0.111111
237 0 0.477623 0.281893 0.083333 0.111111
238 0 0.385802 0.278807 0.083333 0.111111
239 0 0.298611 0.284979 0.083333 0.111111
240 0 0.212191 0.279835 0.083333 0.111111
241 0 0.129630 0.286008 0.071759 0.095679
242 0 0.050154 0.280864 0.071759 0.095679
268 0 0.913580 0.165638 0.065586 0.087449
269 0 0.848765 0.169753 0.065586 0.087449
270 0 0.780093 0.163580 0.065586 0.087449
271 0 0.701389 0.173868 0.065586 0.087449
272 0 0.630401 0.169753 0.065586 0.087449
273 0 0.557870 0.172840 0.065586 0.087449
274 0 0.489198 0.172840 0.065586 0.087449
275 0 0.415895 0.176955 0.065586 0.087449
276 0 0.345679 0.173868 0.065586 0.087449
277 0 0.273148 0.177984 0.065586 0.087449
278 0 0.202160 0.174897 0.065586 0.087449
279 0 0.141204 0.176955 0.057870 0.077160
280 0 0.064043 0.181070 0.057870 0.077160
304 0 0.775463 0.059671 0.054012 0.072016
305 0 0.720679 0.066872 0.054012 0.072016
306 0 0.665123 0.064815 0.054012 0.072016
307 0 0.610340 0.069959 0.054012 0.072016
308 0 0.550154 0.070988 0.054012 0.072016
309 0 0.499228 0.072016 0.054012 0.072016
310 0 0.442901 0.072016 0.054012 0.072016
311 0 0.391975 0.070988 0.054012 0.072016
312 0 0.334105 0.067901 0.054012 0.072016
313 0 0.282407 0.069959 0.054012 0.072016
314 0 0.232253 0.074074 0.054012 0.072016
315 0 0.178241 0.073045 0.054012 0.072016
316 0 0.125772 0.075103 0.050154 0.066872
317 0 0.074846 0.074074 0.050154 0.066872
