611 0 0.551698 0.910237 0.146605 0.178498
612 0 0.185957 0.896091 0.146605 0.195473
206 0 0.823302 0.602881 0.131173 0.174897
207 0 0.636574 0.604938 0.127315 0.169753
208 0 0.489198 0.615226 0.138889 0.185185
209 0 0.347222 0.612140 0.138889 0.185185
210 0 0.201389 0.624486 0.123457 0.164609
211 0 0.070216 0.616255 0.115741 0.154321
238 0 0.931327 0.288066 0.064043 0.085391
239 0 0.857253 0.286008 0.064043 0.085391
240 0 0.773920 0.288066 0.071759 0.095679
241 0 0.695216 0.282922 0.071759 0.095679
242 0 0.607253 0.281893 0.083333 0.111111
243 0 0.509259 0.281893 0.083333 0.111111
244 0 0.422840 0.287037 0.083333 0.111111
245 0 0.340278 0.282922 0.083333 0.111111
246 0 0.253858 0.282922 0.083333 0.111111
247 0 0.152778 0.283951 0.075617 0.100823
248 0 0.068673 0.284979 0.075617 0.100823
274 0 0.907407 0.180041 0.050154 0.066872
275 0 0.840278 0.175926 0.057870 0.077160
276 0 0.773148 0.183128 0.057870 0.077160
277 0 0.705247 0.177984 0.065586 0.087449
278 0 0.638117 0.176955 0.065586 0.087449
279 0 0.561728 0.176955 0.065586 0.087449
280 0 0.493056 0.172840 0.065586 0.087449
281 0 0.419753 0.176955 0.065586 0.087449
282 0 0.351080 0.180041 0.065586 0.087449
283 0 0.280864 0.179012 0.065586 0.087449
284 0 0.207562 0.172840 0.065586 0.087449
285 0 0.125772 0.167695 0.061728 0.082305
286 0 0.043210 0.171811 0.061728 0.082305
309 0 0.786265 0.078189 0.050154 0.066872
310 0 0.736111 0.078189 0.050154 0.066872
311 0 0.683642 0.077160 0.050154 0.066872
312 0 0.630401 0.077160 0.054012 0.072016
313 0 0.571759 0.076132 0.054012 0.072016
314 0 0.522377 0.076132 0.054012 0.072016
315 0 0.467593 0.076132 0.054012 0.072016
316 0 0.412809 0.074074 0.054012 0.072016
317 0 0.353395 0.069959 0.054012 0.072016
318 0 0.303241 0.065844 0.054012 0.072016
319 0 0.246914 0.072016 0.054012 0.072016
320 0 0.187500 0.077160 0.054012 0.072016
321 0 0.131944 0.067901 0.050154 0.066872
322 0 0.077160 0.065844 0.050154 0.066872
