616 0 0.668210 0.907150 0.146605 0.184671
617 0 0.361883 0.839506 0.146605 0.195473
618 0 0.104167 0.744856 0.146605 0.195473
217 0 0.847994 0.670782 0.138889 0.185185
218 0 0.366512 0.525720 0.084877 0.113169
219 0 0.270062 0.486626 0.084877 0.113169
220 0 0.169753 0.446502 0.084877 0.113169
253 0 0.902778 0.320988 0.083333 0.111111
254 0 0.814043 0.292181 0.083333 0.111111
255 0 0.722994 0.276749 0.083333 0.111111
256 0 0.638889 0.265432 0.073302 0.097737
257 0 0.564815 0.247942 0.073302 0.097737
258 0 0.486883 0.235597 0.061728 0.082305
259 0 0.416667 0.210905 0.061728 0.082305
290 0 0.919753 0.191358 0.065586 0.087449
291 0 0.847222 0.188272 0.065586 0.087449
292 0 0.767747 0.180041 0.065586 0.087449
293 0 0.692901 0.172840 0.065586 0.087449
294 0 0.628858 0.161523 0.057870 0.077160
295 0 0.560957 0.148148 0.057870 0.077160
296 0 0.503086 0.140947 0.057870 0.077160
325 0 0.935185 0.087449 0.054012 0.072016
326 0 0.875772 0.083333 0.054012 0.072016
327 0 0.817901 0.079218 0.054012 0.072016
328 0 0.761574 0.072016 0.054012 0.072016
329 0 0.710648 0.064815 0.054012 0.072016
330 0 0.653549 0.064815 0.050154 0.066872
331 0 0.600309 0.058642 0.050154 0.066872
