606 0 0.888889 0.898148 0.146605 0.195473
607 0 0.537037 0.893004 0.146605 0.195473
608 0 0.163580 0.876543 0.146605 0.195473
192 0 0.873457 0.631687 0.115741 0.154321
193 0 0.716049 0.603909 0.127315 0.169753
194 0 0.577160 0.612140 0.127315 0.169753
195 0 0.438272 0.598765 0.138889 0.185185
196 0 0.286265 0.592593 0.138889 0.185185
221 0 0.948302 0.296296 0.083333 0.111111
222 0 0.858796 0.295267 0.083333 0.111111
223 0 0.766204 0.296296 0.083333 0.111111
224 0 0.664352 0.286008 0.083333 0.111111
225 0 0.572531 0.280864 0.083333 0.111111
226 0 0.487654 0.278807 0.083333 0.111111
227 0 0.402778 0.271605 0.083333 0.111111
228 0 0.320216 0.269547 0.083333 0.111111
229 0 0.234568 0.273663 0.083333 0.111111
230 0 0.148920 0.270576 0.071759 0.095679
231 0 0.060185 0.272634 0.071759 0.095679
262 0 0.583333 0.175926 0.065586 0.087449
263 0 0.505401 0.170782 0.065586 0.087449
264 0 0.431327 0.175926 0.065586 0.087449
265 0 0.362654 0.165638 0.065586 0.087449
266 0 0.289352 0.164609 0.065586 0.087449
267 0 0.217593 0.168724 0.065586 0.087449
268 0 0.146605 0.169753 0.057870 0.077160
269 0 0.082562 0.164609 0.057870 0.077160
297 0 0.580247 0.069959 0.054012 0.072016
298 0 0.518519 0.067901 0.054012 0.072016
299 0 0.462963 0.068930 0.054012 0.072016
300 0 0.408951 0.068930 0.054012 0.072016
301 0 0.355710 0.067901 0.054012 0.072016
302 0 0.304012 0.068930 0.054012 0.072016
303 0 0.247685 0.064815 0.054012 0.072016
304 0 0.192130 0.069959 0.054012 0.072016
305 0 0.143519 0.064815 0.050154 0.066872
306 0 0.091049 0.069959 0.050154 0.066872